43.84081232222138
13.545386456632997
36.08339098670949
179.72368779869953
116.26345473331871
48.41015891737309
168.1598452847035
174.81883457602257
72.90332290938318
112.69184135279215
49.97602615245406
67.03471858730246
28.653361265843667
57.45742651645028
147.69853156096153
21.37834746850491
168.95039413582302
134.54369779344586
50.52622220767523
151.7358365112104
12.604120464034734
73.96263867315592
149.16168439028712
85.45111784376299
137.22687342500654
102.37153735621176
81.83814280296056
183.19535463546814
34.30001680569717
73.08855492552968
18.839041536404608
21.751204644324417
102.38734039271485
107.96825264604578
14.015818187366158
127.01391983530007
138.16807322770285
158.47335963937536
174.06530037286097
126.3764152291399
135.8116298339906
47.48772295771294
73.27149472022577
63.71828130955637
75.75333391298919
84.81219200518811
193.0473891775812
96.45878589923645
154.15508126050466
197.86884313188594
