1.0
1.0100511668583372
1.020209339570154
1.0304815332607327
1.0408747732575392
1.05139609716487
1.0620525491027244
1.0728511815782298
1.083799065703558
1.0949032793719033
1.1061709113095017
1.1176090611845053
1.1292248397169509
1.1410253776525086
1.1530177995778914
1.1652092500556863
1.177606885151434
1.1902178725492372
1.203049391668527
1.2161086337820073
1.2294028021347803
1.2429391120646727
1.2567247911237687
1.2707670792011652
1.2850732286469622
1.2996505043974962
1.3145061617541136
1.3296475126917908
1.3450818606369597
1.3608165221158663
1.3768588268862252
1.3932161180701974
1.4098957522887061
1.4269050997971011
1.4442515446221862
1.461942484700625
1.479985332018738
1.4983875127537016
1.5171564674161717
1.5362996509943345
1.555824533099409
1.5757385981126113
1.5960493453335949
1.6167642891303833
1.6378909590908097
1.6594369001754783
1.681409672872263
1.7038168533523594
1.726666033627904
1.749964821711179
1.7737208417754147
1.7979417343172117
1.8226351563205918
1.8478087814226993
1.8734703000811685
1.899627419743171
1.9262878650161648
1.9534593778403555
1.9811497176628956
2.009366661613831
2.038118004683816
2.067411559903617
2.097255158525418
2.127656650205947
2.1586239031914465
2.1901648045045006
2.22228726013274
2.2549991952194435
2.288308554256055
2.3222233012766376
2.3567514200542767
2.3919009142994634
2.4276798078604664
2.4640961449257217
2.5011579902282524
2.5388734292521464
2.577250568441108
2.616297535409104
2.6560224791531306
2.6964335702681126
2.73753900116397
2.7793469862848594
2.8218657623306234
2.86510358848046
2.9090687466188485
2.9537695415637395
2.9992143012970383
3.045411377197407
3.0923691442754078
3.1400960014110035
3.188600371593452
3.2378907021636065
3.287975465058655
3.3388631570593144
3.390562300039514
3.4430814412185864
3.496429153415991
3.550614035308601
3.605644711690573
3.661529833735832
3.718278079263191
3.7758984990624684
3.834399138206262
3.893789096901547
3.9540771622517576
4.015272149371324
4.077382901667194
4.1404182911231775
4.204387218587144
4.269298614061113
4.3351614369942615
4.4019846765788655
4.469777352049228
4.5385485129836045
4.608307239609165
4.679062643110021
4.750823865938345
4.823600082128619
4.897400497615051
4.972234350552157
5.048110911638595
5.125039484444226
5.203029405740486
5.282090045834058
5.362230808903911
5.443461133341724
5.525790492095725
5.609228393017988
5.693784379215228
5.779468029403113
5.86628895826414
5.954256816809103
6.043381292742206
6.133672110829831
6.225139033273024
6.317791860083712
6.4116404294647165
6.506694618193572
6.602964342010211
6.700459556008543
6.799190255031963
6.899166474072846
7.000398288676047
7.102895815346464
7.206669211960685
7.31172867818279
7.418084455884313
7.525746829568438
7.634726126798455
7.745032718630517
7.856677020050753
7.96966949041677
8.084020633903595
8.199740999954091
8.316841183733919
8.435331826591042
8.555223616519879
8.676527288630101
8.799253625620151
8.923413458255515
9.049017665851808
9.176077176762703
9.304602968872784
9.434606070095322
9.566097558875086
9.699088564696186
9.833590268595028
9.96961390367842
10.107170755646893
10.24627216332327
10.386929519186562
10.529154269911206
10.672957916911756
10.81835201689302
10.96534818240573
11.113958082407816
11.2641934428313
11.416066047154889
11.569587736982342
11.72477041262662
11.881626033699938
12.040166619709723
12.200404250660565
12.362351067662242
12.526019273543813
12.691421133473927
12.85856897558733
13.027475191617697
13.198152237536803
13.370612634200125
13.54486896799894
13.720933891518975
13.898820124205645
14.078540453036037
14.260107733197593
14.443534888773645
14.628834913435817
14.816020871143415
15.005105896849816
15.196103197215976
15.389026051331099
