2.0
2.0200498333115755
2.040198672777135
2.0604455350220388
2.0807894492716974
2.101229462465982
2.12176462914155
2.1423940163981365
2.1631167244425735
2.1839318649002752
2.2048385697192923
2.225835992433096
2.2469233094131713
2.268099736920875
2.2893644850351755
2.310716806035856
2.332155979925764
2.3536813156150402
2.375292152088335
2.396987859553977
2.4187678405740582
2.4406315311744513
2.462578401933782
2.4846079590504337
2.5067197453866794
2.528913341489068
2.551188333331396
2.5735444128025176
2.5959812793757555
2.618498674036534
2.6410963801723257
2.663774224434423
2.686532077570935
2.7093698552304537
2.7322875187358555
2.7552850758277763
2.7783625813773076
2.801520138067528
2.8247578970435185
2.848076058530543
2.8714748724201384
2.894954638823889
2.9185157085946933
2.9421584838153985
2.9658834182547036
2.9896910177902645
3.0135818407990116
3.0375564985146886
3.0616156553526914
3.0857600292023224
3.1099903916865976
3.134307568389809
3.1587124390530614
3.1832059377380517
3.2077890529593964
3.232462827785838
3.2572283599107092
3.2820868016920635
3.3070393601629045
3.332087297011997
3.357231928535753
3.3824746255617377
3.4078168133443447
3.433259971433241
3.4588056335151904
3.4844553872299047
3.510210873960577
3.5360737885997993
3.5620458792915595
3.5881289471500617
3.6143248459561073
3.6406354818318096
3.667062812894427
3.6936088488901033
3.7202756508083406
3.7470653304780184
3.7739800501458025
3.801022022037783
3.828193507905204
3.8554968185551397
3.882934313366995
3.910508399795697
3.9382215328624577
3.9660762146339925
3.9940749936910755
4.022220464587317
4.050515267299039
4.078962086667142
4.107563651831843
4.136322735661137
4.165242154173904
4.194324765958461
4.223573471587489
4.252991213030132
4.282580973062155
4.312345774674967
4.342288680484373
4.372412792139828
4.40272124973505
4.43321723122075
4.463903951820285
4.494784848097224
4.525862839972014
4.557141434502964
4.58862399024591
4.620313900177975
4.6522145911465085
4.684329523326066
4.7166621896841265
4.7492161154561865
4.781994857630888
4.815002004445807
4.848241174894522
4.881716018245551
4.915430213573755
4.949387469304758
4.983591522772958
5.018046139793629
5.052755114249687
5.087722267693568
5.122951448964745
5.158446533823343
5.194211424600321
5.23025004986464
5.266566364107876
5.303164347446675
5.340048005343438
5.377221368345658
5.414688491844224
5.452453455851108
5.4905203647967324
5.528893347347366
5.5675765562428765
5.606574168155111
5.645890383567235
5.685529426674277
5.725495545305163
5.7657930108664965
5.806426118308313
5.847399186112068
5.888716556301057
5.930382594473491
5.972401689858424
6.0147782553947415
6.057516727833359
6.1006215678628335
6.144097260258546
6.187948314055587
6.232179262745527
6.276794664497174
6.3217991024014735
6.367197184740656
6.41299354528175
6.459192843594563
6.50579976539424
6.552819022908455
6.600255355269368
6.648113528930372
6.696398338107726
6.745114605247139
6.79426718151532
6.843860947316587
6.89390081283454
6.9443917185988315
6.995338636077082
7.046746568291923
7.098620550463192
7.150965650675296
7.203786970569695
7.257089646062536
7.310878848087388
7.365159783363047
7.419937695186392
7.47521786425022
7.531005609486017
7.58730628893161
7.6441253006236
7.701468083514509
7.759340118414564
7.817746928957976
7.876694082593637
7.936187191600102
7.9962319141247065
8.05683395524671
8.117999068064272
8.17973305480512
8.242041767960725
8.3049311114438
8.368407041768888
8.432475569255882
8.4971427592562
8.562414733401386
8.628297670873913
8.694797809699882
8.761921448063347
8.829674945641997
8.898064724963849
8.96709727278465
9.036779141485654
9.107116950491404
9.178117387707163
